2902
2911
2915
2921
2922
2923
2927
2929
2932
2933
2936
2938
3002
3003
3007
3014
3020
3024
3025
3026
3029
3033
3035
3040
3043
3051
3056
3058
3059
3102
3105
3106
3116
3118
3123
3124
3126
3129
3130
3134
3135
3139
3140
3142
3146
3148
3150
3153
3159
3161
3164
3167
3204
3207
3209
3212
3214
3216
3220
3221
3222
3224
3230
3238
3242
3245
3248
3252
3260
3261
3262
3263
3266
3306
3316
3319
3324
3325
3327
3402
3404
3408
3413
3414
3416
3419
3503
3507
3513
3518
3522
3527
3529
3530
3533
3534
3540
3544
3549
3560
3561
3562
3563
3567
3570
3577
3608
3609
3610
3618
3621
3622
3625
3629
3631
3638
3642
3643
3649
3650
3701
3703
3708
3709
3714
3716
3718
3720
3722
3723
3727
3731
3732
3741
3745
3751
3754
3804
3805
3902
3904
3905
3917
3920
3924
3929
3936
3937
3943
3944
3945
3949
3950
3951
3953
3957
3958
3960
3961
3962
3963
3964
4002
4007
4011
4015
4023
4024
4028
4029
4037
4039
4040
4042
4048
4049
4053
4055
4056
4058
4062
4065
4067
4068
4204
4207
4211
4213
4216
4218
4219
4221
4225
4230
4234
4239
4502
4513
4528
4531